12970.688630706274
18153.99962372768
41314.2207321466
84945.53745379702
64380.265782090544
111998.86544996616
242541.52021611316
235837.6824449443
334250.4833476661
486369.357221646
2780932.397787152
958758.6908729203
370479.28244237864
449419.2016525412
233705.73459569234
264614.9593172011
160405.1897568322
456459.92903143365
861101.2030199983
392672.2151190098
142898.4226869142
176744.6613301626
23346.525866746422
106869.43802962115
37260.00165174144
43781.55464740033
72635.90484118735
139862.40301090645
24512.0310448521
35840.11859530232
96751.63354130604
61827.887866472054
69932.59201100988
110264.70610830227
86140.93529265
37641.02032499543
47011.22122702415
35950.006626347094
64298.98788136915
46839.384745813106
54210.208416240544
85169.08807261585
104955.37916957423
31914.199155470265
85490.90230530745
15619.640048523092
37259.80132137519
25537.990483562608
101521.81878890339
146114.22431631028
78388.10628147665
105879.07498814406
108064.26437010951
21196.890820832807
75412.76779842844
79142.55408152232
35813.5806936674
38600.265415595546
44865.54323493911
71768.80641495531
90745.48119107677
51015.82986453997
146239.471262215
41581.181572391884
20094.447332077416
29736.079111697538
67745.50789645614
22547.078587388634
37913.206526134476
63105.63443772544
31085.62002155133
108716.12303765341
73534.08007583345
104161.5300248255
126032.49583697048
217570.26667279034
99908.8490469972
41844.70085409761
43964.24062727677
49752.021277795415
24874.132518010545
41843.509707820645
151753.47761591242
76096.28949793924
174356.24131485712
34780.28104634052
120336.42519084705
90290.24386141513
168769.94411377926
139983.43456083562
34710.83867522251
43980.10769910364
69346.24129511009
91259.60759376644
161083.16177423086
70635.05422774336
54526.23564194139
41220.54628882764
42807.6844576646
30008.560654027664
19742.877369074893
41649.876840353325
18391.781965033908
48294.057275923835
30894.549832383338
17067.225447464898
85816.84505498437
48722.08641145356
132255.5098121597
102879.95590454477
74681.5600429532
62895.353779228295
124489.50969718899
61707.69521212426
97522.27236474486
49741.59587057443
48609.158775272605
24226.90920793155
25171.15697813579
16047.545198798378
52349.59907706505
94587.43039490616
60513.30186446682
40978.23421802928
50705.91316981704
77535.52147839827
57337.10730691948
243760.66723658392
134127.48246291274
497209.87362817174
160045.1437562607
429798.15678621444
292227.5622381098
174441.65894398486
192528.32938162133
289280.0631526097
118989.28533447586
113266.2035350323
45154.830724706626
47258.38480915457
62191.48499693217
134925.87777786274
51579.20060738771
62237.62444063567
31968.931580911732
59345.403918483324
30037.10601455545
45052.210241149834
81283.40258558016
147671.67595429835
50115.61365362323
26241.63810983152
66915.51663884067
159043.99789712788
34246.59249207912
115721.50844604746
273263.1924452106
395349.7088760218
517281.234561777
443055.8494329007
657807.578507115
416137.2217222627
268565.03464744636
61438.707563464915
354945.2316555097
240549.71246829614
183350.25143461942
88263.26546592265
97014.3682083293
17313.399825178905
36695.45302512693
42241.19184171435
165469.99252741295
82701.57575702673
37680.684957459904
43404.63545886628
16025.124269473537
21363.634702330193
14358.228603572374
26528.839274652626
30951.749058759797
28510.896984094354
22776.762606423792
53369.95721970135
72743.11644720566
29014.30347060778
28951.510490455352
26889.685065084683
48764.55913730525
105577.64712918104
22897.81879744451
32044.026324254744
15878.57289019928
47519.953464614395
78848.80358883485
49041.605996698
24331.22373162016
49626.93281153955
54117.934044563146
74397.13665459123
75033.08391968407
33199.66767254018
23384.12567729378
86077.36223993286
29914.444531282403
44211.61375788712
44605.92114118191
19435.417508619048
89769.41773961058
40562.68462759143
42942.759810498224
37431.35008943969
53984.12745538023
49182.7676928102
43042.41618975061
74484.94195444559
26167.16829881365
61204.32869372916
14719.215840158728
115311.56189416556
50021.05737612155
58097.234766526686
84644.36182409221
84315.20813265555
136367.89167459952
355551.29081030266
681833.3034362084
206305.31063446877
221487.00450458407
274220.3230309667
182294.68256336116
292218.30026779417
68778.7823922954
111181.84077432001
188516.77123449987
72215.75409165467
56311.38779061644
92603.97335873848
62580.028388242
159488.06132110697
85109.86200652644
101413.97323171356
89702.59711736387
50983.730805778185
254803.1018545092
42729.41707055829
47910.30842006151
43156.4215152322
62415.28749443385
72765.43456314203
39473.65067132543
220181.5364549875
59107.13205077684
101821.14542861217
37747.356482394986
98397.51480433234
20891.936010171783
6979.0931311313925
33727.84738586299
52837.770325098565
69489.82140805639
56372.098424955686
29097.00611355877
91796.0983192882
97390.81131937043
89468.0068340359
56747.233703387625
53257.570836337574
34559.85830388322
72307.21328707173
50694.884061244724
125137.37451624694
45280.26085481859
38305.702288541914
94723.3278534571
51295.202787686765
33295.87132059273
16360.083295132203
58230.763481093854
27051.987626637812
95149.35921112874
63244.252192392014
85180.13904965408
46206.70007996935
64385.89230962063
57896.43126306728
22222.631679725266
40254.81768080206
31221.16371874016
49466.9065036471
67279.02849293865
82963.66883367796
23735.094743657013
98616.03703693039
50915.24806408313
17601.35197767418
111019.28400312095
24755.36909118948
91868.47030766743
48143.085452030646
83843.89055979374
12847.390452271487
24546.971775069967
36255.75966288653
58015.95019477281
157515.26462483348
27330.59313641206
21410.36477192759
109789.30538647973
133322.31795147428
101690.09959722502
70011.85998650198
187301.06471137048
307780.7249123345
58586.73297324434
404055.0244736827
125803.71417255813
91156.97724399714
73624.45564811511
119992.86344873747
122747.25837173406
67391.31420015387
133035.21860838024
199418.93780681724
104733.27389693898
207550.23874697703
132223.30248089883
113819.44331909531
83529.83500802101
80633.10377011592
61643.471246621295
41112.341345271416
56665.071109132274
281173.45640003454
40197.77143704857
103181.70803959359
48456.136663577774
85221.03690185111
43976.495102550776
103556.39098692533
42622.43734643727
81819.43671585787
24040.26936878939
43368.55060534653
50657.18391324342
57337.22776734792
73378.13616689977
54433.94058511695
44734.754744625956
24693.35259725052
43024.13478696821
71311.5372786594
34735.10774396211
65268.778516598715
44786.03660069772
121477.0778620097
54935.77512611736
151550.02573766286
103603.41792366051
35641.941329669564
88174.04020249381
116149.16532242075
253291.74244197633
120693.87231680253
93633.2813587251
35054.83279331752
76677.61635459878
83360.59089723487
101428.6953700645
104568.63473434582
137083.44081900545
77269.99746288592
85087.47646388285
119449.27112182206
72317.3230418692
66255.20426794117
215699.54201966058
251536.21292416996
523540.8116487853
302457.2891903972
379268.210140801
242732.0236083232
151606.29526138896
111465.42383524691
81971.82240885713
32179.27932853793
76259.18771143071
182851.16999907032
58496.73217221975
63729.71763479766
179889.10117691383
248219.77572550115
56548.17896267691
49274.34562332878
153989.50531165858
32124.807079913477
101532.43796052848
31232.795186458625
101660.05089597298
57652.01049968699
66654.76210194477
55017.19053402005
52890.350536861224
64726.724689332
45440.07554939092
42442.52882857307
81742.0966899122
114070.10001486253
65540.1312166442
111654.9369191968
155021.04191934518
120266.37784274397
111768.3507113779
130127.84192533417
35669.43097052581
269456.59707061166
56817.97057605624
61209.352493831764
59673.54225900985
120800.69123978373
92555.10438090072
91235.36446195202
136210.82112097437
23597.12711739737
49118.4764575563
117826.05417904395
50074.8998433946
39391.40598390416
41152.16157741087
99400.36914608427
89554.33751654788
36597.90330339607
29457.62409441627
55610.03602997212
24004.559144169732
131242.20049983737
20714.14469334864
42838.15093622056
44892.84515649923
71356.38835969432
44400.3281935166
25812.376209327962
114343.53797275407
102223.60161594072
80029.42273759872
45306.39274494242
37889.01368149359
58513.3757480661
53183.93551727105
51875.95524055232
87636.18126188093
105499.98496216857
63103.910035062676
53436.957980653366
112862.55991193693
54761.73660865936
47770.21505344678
60154.68357547044
123325.82205283162
52555.27592217598
29319.12105402989
38791.25802807409
52263.11488636598
59442.512404362555
66571.17624565694
154914.38644281228
131065.57331716907
147586.68609356298
78596.1766253171
123001.62456720205
68985.81053369778
62214.584928854645
88678.44678209326
169791.12910319772
70441.64327025398
116386.64712137813
149176.34775280833
145664.45509216996
115921.90740647819
118192.11324507541
71728.95109325394
114896.5568969883
113200.78938436246
150519.09577944357
91065.3133212018
93863.7855924616
96223.68736672023
75616.5067317929
85339.72657967075
37708.363894528135
127304.91676862205
118562.92753198721
65525.59033629514
91623.05453507064
88392.65842071142
130216.17330494952
66026.7924356034
41930.827363770855
137213.17633351777
78685.43536893588
94099.20374694222
64348.594346998834
64186.183781669984
40762.92577062476
47520.745252790584
35165.67636888691
62535.80062994989
41364.08295990587
83889.54805074663
115994.83546946022
188671.0309810041
73521.54542177304
122089.48768340657
202989.51676592467
171862.5198916333
258040.53023471968
55841.429106836564
112444.64903243039
80441.92095493712
103565.03694672359
239381.54842017006
141389.89716565097
95237.19935862404
108956.38052680223
114527.71916683682
302601.04327837704
68923.76557403099
97468.33157727623
50217.70713879871
105122.38455752832
156908.52500604294
63619.64837657595
142646.7412078953
120540.92201646949
77697.47507177701
82389.70126781297
171795.54559966162
61943.595536567576
39705.7422269711
74438.26705951612
115654.04747144625
236351.11585554347
88931.78231082976
58525.75713444222
53140.93731987538
47829.61745779513
96244.2418665737
120039.26984784508
36241.64813113772
130132.19469320233
14524.143689930304
66102.84703372621
116592.66603641913
53277.451816422654
86313.13716315888
34728.688550060324
51128.96740874998
75794.32599909542
41051.51557725845
46390.333103140474
96281.20077742489
32270.323813918832
58678.037584284175
47832.57755240399
17891.55037351052
144906.54720385454
100598.05919136085
42795.15169155656
53935.760109670344
48393.54163954699
84701.0992857874
64379.78334045824
105642.58733783833
60967.2688375829
78637.09253452209
132570.91125067478
216662.51561549676
81240.3861931868
63563.182349899995
66643.77226872453
37215.86922595496
53246.98354241965
45337.709226662344
70342.6618793797
81571.43154211876
75698.77915498467
102846.33043136689
37568.15760206009
151080.40568217315
38080.50003882725
47173.619385832644
65008.0290545321
76530.43112027305
73158.83904065171
36496.3568886644
67603.56331371171
45191.764471565126
83840.52788605561
34483.90116796161
20173.72425303079
48681.693369339744
122291.33904416542
183601.40669132626
41835.23426659734
69234.9848976932
63633.62598002252
73821.40878114739
42491.558280866746
59246.701955186036
38798.956238809486
133303.9918162596
53425.33717297578
74553.59269421334
63049.47945814196
140995.61983139566
67283.01464777373
126799.654098496
199394.96125526112
216807.4374986361
157077.82403812686
106459.92424151796
48942.5322781087
150006.60792590078
131144.08106494803
166053.72736004018
126112.07211415103
201696.99124571448
75334.17650534265
105119.87901976511
253939.89841443382
31891.314587322384
132218.27389978064
138468.4840074714
94588.54562121874
269782.12779703556
111135.92615277032
72490.79500024821
79742.25000217804
193316.52447965505
94168.15341597286
194421.38790777762
96339.4026584195
58781.3356587147
81930.49450664839
51622.33406642328
115189.23426423618
92790.48860384041
114108.67989498617
56096.74741440027
141962.37469983546
90266.5611253682
81374.40232321799
180950.9289764898
237900.70174789772
89074.30805426507
261932.40624330495
153145.0247113552
53507.40382238736
70608.3565219202
75448.61965326636
61095.38506728066
47151.37377721619
118461.43204726625
139543.38955408105
57866.93344076947
88202.4988905682
111381.25794743825
145397.80672201552
115618.08606363389
107211.3773747918
107063.06343439882
178217.86627972213
121349.55538533707
167170.87277246
86050.64965611855
35602.89530261396
93091.91175758
198016.08714786125
88007.52113011472
105497.89385604611
93346.93372344476
99525.84270546019
118997.20441529706
191788.85981746254
78800.8519590097
90024.31985712188
79204.39132129919
60761.49794999186
48761.524620081
48035.02857518944
43809.98868583832
96407.34304641509
70193.5002857056
88030.63527639082
70624.67010457994
88789.67975715015
133938.4122871877
70915.25180331164
65157.48240564545
91952.438034762
148119.8601509696
181806.26401535436
421584.9843985745
117478.9284645784
157513.26096961298
89098.65577328583
135817.06937532348
119491.92037820566
54397.6424554493
63312.90528102159
35636.354069331406
57107.5972392253
50656.627013951715
56594.269559398635
40955.78342681723
91920.73841704309
67024.91785953811
116403.37639898634
139903.5238583055
73828.55445673407
65571.03122463901
120643.63368986273
252681.33979493828
245497.7912098314
78236.66355519913
138954.7738566632
95762.7688778776
168025.78227359708
102406.09678754893
119299.87940366469
454408.83575163136
166559.06239315553
139197.81295870309
92717.6751516291
71080.98969201953
236383.89701743738
55470.31910406993
112328.31460877182
75588.26159961132
306701.7476548767
97598.00847941349
198916.61508703398
54984.504716945696
74906.73335450228
236610.63274814165
348335.9705734184
234552.63718145923
242066.00961328592
143046.08869031988
77039.07198466838
68823.2860306069
108721.9105742141
112060.78693047026
109467.29955125164
30626.709590370832
25809.854930038015
144817.0938453367
51543.74689615987
94005.10087787337
32179.38269890561
73970.51265770783
120402.23475765718
84678.34335889787
117884.42971133879
49852.93636274341
34240.00483319186
33835.82862143438
49854.81593274081
62877.1962290872
20776.14260215234
72178.28118690134
90275.62886835438
88413.77603841622
40769.027600157264
78708.60573359845
52180.493179340454
51079.12229426587
128536.55782735618
57692.61920766179
46306.60613288511
87332.89886262469
34995.78730518496
92369.45659899926
33377.84436638519
41940.259534094475
138552.7863938957
42937.97009567587
53386.35214464504
65933.93941944948
51794.497015211644
34513.82597501791
48120.24875551055
55011.41551059627
42756.72310715393
209131.39800867357
294733.7077277022
190116.41849633917
218511.36952610165
311359.9917567371
286402.3084139105
219643.23210937457
530045.7118183628
186897.70258382315
280005.2922880901
322761.64994795783
114225.26159765596
264974.81213720894
168659.22443181457
93954.35351654628
115582.56998574635
201941.9277669488
46540.34022961857
130449.69851765524
172791.3275052147
43956.13327428752
77700.94723356362
72933.61859369457
98065.9826348468
123896.02462899245
65950.57592502423
71940.8626321173
168235.7246948222
65043.16279557113
45975.07713694248
163146.93631159398
57239.30197537785
31270.028692993306
70554.44538896497
49785.90254953101
62923.16190380741
48031.53632422581
64440.85883919091
86697.58442140483
44355.652254105786
86492.56421383553
41515.06830908222
74222.27703007273
49697.504355147394
99885.87872094945
31306.900409513455
74789.40884144566
32836.70347150508
97780.90290321928
69755.24346560444
43582.56776037757
79535.08157284658
118047.30853411922
47683.82970358823
136086.5533478885
41204.83241081736
34442.63822499309
35337.76767592048
57543.34697511118
45672.478793186994
48247.712897189456
40457.9226935538
65223.138425176156
22869.192122348315
69321.58677521827
54395.599893176
73432.5272146289
62966.20598675427
241320.3981530465
71420.69600281013
66319.46149614037
44895.655349428605
76346.75604723571
113174.56236904129
74114.95453890787
51619.089618804246
164713.3607021242
94606.53572908808
38163.81324309764
62050.50577051265
90594.09577849197
72964.10275759734
71740.2155939505
56639.26269603666
36724.46566092949
56631.19778165426
108875.75365630057
29118.002134499482
65695.23280304167
37764.1929165215
33436.011961314754
61193.16503170801
27348.92129434613
62581.220519551665
56387.46856076169
99436.79957318777
140113.49478218233
35270.124345205964
46358.35461887385
56824.563049813005
102476.7154541682
86071.49567310644
37508.0901803452
50467.11991923605
60154.21760365307
65142.34890900283
101140.061903272
53308.552508362125
68619.56775430674
77250.56351542904
75894.56095204028
70451.4733526718
31331.31713023683
75522.40578998711
93015.66229084996
65258.571541458085
36711.9971012504
27880.29119218656
121352.20850986916
63261.25171888077
83005.57468032246
77328.84655642638
60743.16820454879
93036.03509844471
39374.50523563515
33904.18590908062
31686.59300854877
77350.55077196486
42980.832629519326
39266.533504448504
94368.75048222457
117949.39607036285
47006.32188368376
80840.02492775745
63983.9037158725
63599.48840076097
204575.63606502107
64435.10773843674
27850.049245706814
163666.1516456746
101607.25332013406
156676.36964823763
261947.49874056882
84858.30710299002
68002.87302538144
86128.51533146082
49321.6182385806
158782.27175071026
114330.99099107517
34882.759691378094
73471.26614456617
97706.68915937081
54613.9385185786
107946.54841492105
137379.06827936845
50801.65342413733
169740.75032183755
91738.24282011187
84162.56127423508
80420.89603257897
57929.83284516931
96643.34569469519
73466.09596527861
51055.75438290145
77849.14959478503
75938.53117683232
48785.59724846189
74695.52326933022
95757.39632661438
50775.14130141795
68465.02795597234
113917.82017244943
90349.12465633091
59160.680869981035
66884.68414226518
42512.72229177564
66163.31970930763
82909.84377615052
78054.14109178504
99423.74301090234
46587.07719533633
108183.4380817221
73211.200203654
47749.88894529889
127276.99774685521
70813.28246278128
87021.2722511683
125935.25008992772
147879.83526207737
321813.29040031065
171892.70778958529
156359.97424686453
38456.559302377995
114999.3491046672
145225.68132576806
31301.312236124773
68860.45594054516
56752.25232397554
86333.95930582876
89201.18884111775
114203.3868994294
49025.02178206655
60996.68201786026
51852.58510447174
67913.5747476061
68376.44069354134
48951.47891652339
76642.46932648963
158514.16156414695
78627.42670814753
42849.342737504994
13640.8817460066
78563.35890500176
48309.4767960916
43528.19387519962
57240.39639024152
51323.18698483312
23263.229922892722
26333.634867551467
44742.02645721672
48478.08211033951
139643.29876400143
165191.99410916987
126115.53072326728
175350.43443253922
57127.326573021346
50700.067721414416
145031.4511662195
234981.84180407133
33209.536861377215
25985.93908215913
59298.78185406541
36206.964479393144
55168.10714029594
123475.74944167757
61332.12381558718
47807.32773116428
136805.7892435687
46510.05174886959
49201.88568310134
67482.78035595675
95722.24633696687
40668.71342998303
100866.83126166531
83301.37734509743
127485.43712120727
55905.02637912212
175610.77902274916
58100.07366005567
96509.21313532004
60134.02890489089
39693.119883550586
41661.31153526524
71127.97685555808
86690.56361446493
42772.90897992104
50480.95201078271
87706.69450817289
53716.71873019515
78985.40957296947
180674.7966499275
72948.8189390882
92687.62136572579
62152.7820489396
138325.53433979634
79002.2384941948
108786.68292192712
150881.97564981517
241489.43107343634
146849.70161909465
146787.3170303911
331772.15919978556
186204.73673970115
108993.75944576609
57661.55792361418
91413.95484466197
173936.34182937743
149259.4275244758
66280.80272880248
127453.12975158705
93756.21689310936
53598.347374745645
55732.19082475569
57253.124389338205
79413.26400386717
81548.22513965613
94963.97370923421
164305.1919418043
66988.32980865843
46974.55234973256
62549.8901996816
76490.36291363316
45484.74257547073
80482.3057801589
142232.37551105625
88054.9485994181
76185.83478176603
74830.88370236127
52685.464286499235
76927.5234299465
75826.3969937004
119445.74627188775
56918.308618963805
57192.920363347344
73611.62752123132
181686.24645465947
53036.33063715599
113700.5997614874
181540.70152082213
92978.8190988285
116686.19511622452
93149.266973585
55663.9154159668
50467.701692178416
46625.49492976993
152042.24766691896
76542.41994419522
90661.005108337
73444.01333490375
69698.15376777356
55015.9916119361
54386.09085905869
54825.99256052773
60087.373715229034
20736.20841284738
87905.37915935056
58290.75100746898
48111.1469797054
129473.87142722617
183570.63956738342
176445.91874816632
89550.34623208383
63449.62451541441
72864.9635415678
51963.23164875069
55271.59022556363
62448.0993961477
101218.4122190283
70715.75606752935
78735.08189300554
84632.40042733485
73596.14433169636
119622.89852383529
87012.23547558981
55599.02985405856
68895.83847495247
57095.39677311434
61859.38340912694
88491.92780045082
74186.29590626899
94093.50654959117
83629.60258546595
156897.43478945745
167041.0658735985
249147.5825995751
42522.41281153597
50842.317681205524
116079.92190912465
69196.98381118679
84727.98023234199
66619.6733365585
76624.62315511185
64768.06134643493
73346.11275329637
95349.71918298441
198355.46662982283
77918.18810624079
81680.26202754557
133402.8870935936
68698.01941973864
95158.28130725856
82344.64353426313
86242.84652529402
95862.33798142956
74407.85357782636
46680.35574548711
183527.63212739624
51311.29192843039
70420.83457255506
76566.04132442725
52195.8881013699
67843.06059190433
199525.29701544528
86597.16109963285
60758.194619033005
76393.97192196695
95196.57373258684
57782.99243168466
220616.06748904276
254155.32784563993
48097.73650461832
64225.10945391119
128712.56856805614
81785.94831976379
79934.79181424716
47318.70910368779
103341.5098775929
74536.01028538487
83097.82298603901
65080.85263968807
111734.10131000871
315766.10668119614
49123.65626149299
130814.63556135523
107607.0175648118
96860.0633896605
121894.06714624254
128597.34841492733
130241.94484113525
104182.4666730295
116021.30298610592
112974.57654749946
302314.3532903679
91317.60330803561
41423.877473358734
67172.05301265282
66516.30194805781
133506.50047884826
93009.12858689125
131772.18726021127
126015.9517075086
148868.08061134495
59420.15728213993
105346.92047903339
218683.72747224657
71767.63225464673
150266.2002901799
39180.51478427933
144808.44453892612
84585.87268898105
94086.96100936523
75801.7801065183
80761.53049564613
138665.92246630546
30507.89570168769
61689.48880464296
38154.35324461506
32718.081783550613
58390.84504252387
57724.81066950275
79773.00212668558
61521.28219166619
60506.27088760956
53738.280949217115
63729.14290668897
35133.2269632787
98461.81754641424
75963.93780688928
138989.8881570161
49898.75526321592
266212.86929861194
46294.919311321726
80915.0062368125
55493.106786322314
66482.60114685282
53426.01264247148
65201.362602931666
163650.05506449158
37006.93082935289
59306.65755186863
78463.72410548893
150170.12271301702
105006.77854971091
44056.78635431162
68303.79749039341
87462.57255975806
109370.30641317985
87815.79176528627
37913.77018582522
123633.99180984596
85397.07858665416
125733.96975193998
64934.00097050862
68761.92017426086
58436.52900057188
67062.20935697154
136394.14867119776
68081.28883689886
133848.50355271457
143867.68711034674
63320.97468656396
90165.65936040068
96879.22076640865
50391.7873814809
88823.67249373671
132034.0027247825
88556.19275089807
84780.93587528658
166665.58184555656
219695.77422157789
66623.1097182155
147554.79159396034
100602.67421991604
66831.73711905604
48477.65837396927
59811.507303856466
124115.23305840121
88894.83984551902
34578.89148643268
69364.34683731859
87014.57741192984
273579.2886229103
83598.98152396198
72288.86161036335
109507.81914707049
385801.801903611
204415.73241599108
134802.55753790255
140325.6274066314
225549.57997175728
47381.04100658124
82365.77957659133
198592.2598996105
224914.31262630696
105264.52861638706
97564.55452747707
119179.40509559872
161796.6065940556
126308.94304541426
110358.02979102076
44607.823139412714
80319.34503122108
102774.53362791277
87924.18681842835
42057.46452846688
384184.32150287036
52350.74565585472
61251.163919699604
70448.29561393606
28466.49137034756
21023.002944998378
45768.228808764674
67057.19675750074
148153.97160320845
36890.78512234293
93369.6920649297
60800.776839379025
27529.36489330732
87674.55108907177
28855.11530453792
27392.124620206272
46087.49185019917
85110.4055964663
42046.051289259754
33171.63685870988
36196.3461474077
66551.62992505472
141928.8116974105
110243.72024139065
50671.22444315975
114081.9270233267
103094.38980437304
142743.63094126974
110394.75427905595
246790.66387091213
41547.49230587064
52772.285545181134
69444.81778242477
48721.46961575903
109038.2848337346
95064.41808108278
56225.967481904394
58642.89666352039
81649.59865053173
48339.726212942616
99015.62178421875
51762.408829204054
62888.73640331949
110828.0223877101
46328.51654296757
121245.89787357702
113299.30417325193
51745.426171082836
212200.66745224208
42608.83391449275
119143.20893041698
74157.7837943855
42405.30774908286
67673.13685132495
116578.87778072119
80939.92482492648
110748.07699146328
86392.49062933274
46680.84961073833
52992.84449547747
94293.14416271134
75539.07347439963
101761.89665439361
38601.08639132317
40524.61593565486
142571.43292266648
63688.20148568151
81554.59065092767
81226.23471327378
67947.36908395254
80204.34071614026
26700.061117192035
64287.605829420856
75494.14522553327
31701.32902296126
74387.89219392341
42178.9261208548
24743.25409680718
80464.9444368884
52626.108475153276
57093.086336889646
38518.92626412514
37210.57745524018
56202.93207527047
51987.823397960965
55159.78934557772
59638.82421705985
40444.35107682259
80795.47439472192
61539.03685233916
38493.94260390271
51807.86688130621
40184.921902723305
52308.04671886305
35839.663304029025
58969.654872706655
71987.89658373091
54535.646646643705
40652.0992626607
65049.37281434154
54452.82512951842
28066.416813846477
25904.54152623986
61174.720648020084
37173.119540047126
40580.692018597336
51038.268550737484
48986.74034202215
222166.0290600684
81548.98470539888
98632.35467046654
147993.07575280842
125601.08859169717
93026.44226153298
171294.92585653745
83558.57881533587
102794.82584543528
86429.77266738184
78701.94121921188
361909.5931738871
58945.72445063257
29020.333775333842
57830.332398341074
87812.05196122393
36928.94620225298
52956.164563279606
51206.55773615895
41641.39551945143
23925.512309156053
46057.80118478626
100630.50093502198
50048.70541197769
64909.84462874583
26410.704801091375
72397.65612809555
33097.180701965175
54319.10008347168
55642.10199226487
40801.71909646729
64085.254108832174
52767.19238614127
70209.53451715903
82257.63051730921
134656.2513397537
100084.59482672652
119628.27779931566
43659.99365806601
47784.30397111846
38177.57424344417
58001.536417111514
80137.79066558395
80194.80126413505
89853.17063905289
91489.96011507657
170270.86313314753
84118.98749221918
31586.35986207798
110097.52844145689
82151.46110803762
31727.23290574835
120013.42180666485
38508.3161183157
44852.132406204524
108020.05700368356
62125.02549402954
59914.319766481436
80248.42148162167
43653.80301650761
45318.912881516175
71462.53583805558
99641.00224493914
55317.95476418292
95044.94724787559
109364.04457639549
79963.2391605226
28922.17365662239
50987.14624773334
109814.98424196424
63871.603292464846
192966.05624342055
174510.48738416817
64216.230653307626
191809.67001060102
63532.46195231634
46328.414970414844
35212.63417160879
35143.91774245045
114481.6292939221
55794.29029174242
75810.8944617561
49047.73501073084
53900.68192263642
129603.63375887305
45533.46440362811
86722.00039190229
72478.99250143324
156312.81711974082
58130.662855964765
84200.8523238428
53857.87322698905
279042.42758774915
30536.990908502823
28890.817813352216
39837.57906037573
69127.94138745379
44934.554617104215
38508.02264967731
46865.1004664808
43476.09897659087
165389.8552645623
66900.64605583232
89769.67841650691
106016.42549817306
88446.5830647198
80416.65846753532
89306.11831484163
132742.18385643882
127501.1366677825
98200.36842326235
69307.076999754
213882.60448689686
102697.23959417752
89802.33732073526
94119.57246213392
82046.98103108093
110925.50912878543
127672.04423601204
134498.01701326054
144010.40505563884
109131.14907538566
190883.53484691135
154283.5292929117
178975.50550199396
118095.93626938303
157820.8458626395
379493.1967116123
182111.37183829994
193899.59477027706
146586.85569041932
128298.93427274426
127423.76023878898
204411.0163236742
144195.83798496396
118085.19645788729
87736.1297429115
62291.67974011836
137302.8935024558
107980.57051226751
90176.0314852255
94085.78027119004
76922.93851976807
131797.30350741197
153521.15517317192
91369.71014040725
289849.46595957014
239519.55839838984
216896.25502897918
235547.13229239528
122367.89565344877
104867.97540668558
80504.817474448
90841.25439813883
44539.326935948324
88481.39974164742
107301.46664836837
115567.3749567958
64168.39713332241
50913.98829176674
82622.24651991762
56231.77347079389
74944.53179600804
56633.36378546981
147224.38309416297
75887.65822994421
89678.86837318567
73261.70763374656
79201.55041673622
110299.21647857281
75470.05343685357
53908.55704013396
65426.157265580754
61683.548366519186
292391.2936960191
37180.050843618286
55177.45555150495
41790.26868954819
69759.12497248454
37857.13207817273
43779.29298900678
96065.42281038442
104363.78773676239
58285.19886084452
32383.901585129075
54565.30853359093
72488.3712722621
43568.18388934563
51321.528167326695
48480.31769188995
84536.01345236025
76430.31562186053
80710.73611074593
45106.4516327447
92900.06856106686
51225.65347150276
87619.78788107522
136162.44460521822
82655.90036067227
79586.23273251536
142691.616594915
72752.77765455
75070.19011129276
37643.08669521379
147978.73741297954
112225.66441810763
90690.3849358624
115804.76677537606
73324.9810914066
99370.39324639071
41364.05760232679
116307.81335493679
104875.02705736856
199691.1830231603
88647.26613775836
76073.65011535666
112906.59451657557
87139.66553310557
163468.96071925355
112737.93485916342
129497.53554837703
87100.60217034449
179997.32747772278
137284.80794798958
111137.61370698901
119331.14235448552
112753.92402733356
76904.60509234041
73683.1922654277
91305.39931282788
181661.13094492682
165424.3106177652
49112.579708576064
157953.40922533118
85280.64176543833
64947.785720921565
92077.54866111593
50925.19413392284
282488.7914636436
105861.61851923328
110655.9155725547
57130.39584497725
100188.22299459328
45403.91382334389
45234.75841487481
70259.83012992247
50474.456676754395
68225.2653286917
64008.14081685423
63512.27894556867
69729.89747484344
136864.70660036049
45771.77977943764
50197.38510904371
54825.53858122704
37407.66939448255
45403.73534190415
50727.52747113218
81882.90331066865
45692.74492548354
60064.784473440704
71060.75760422579
54660.7004726809
37110.71122695288
40330.42249259566
50669.83066026438
79538.44812081596
50317.87303065097
64143.487411112095
79120.19267672549
57999.184501686424
45147.89668489414
47459.30631656508
47196.83405812739
51687.46355558652
41078.50737094906
119220.6947876811
82940.8984890556
93545.16170908892
97598.20935034615
64122.259403249045
124570.46161357069
130342.98168320203
175659.80802101645
49328.279405863585
47723.72019584025
69422.82890303287
67351.26467515524
55740.2394992094
276072.64889331744
115059.2220276729
136157.70305929918
166479.36809074716
160639.6535197605
217659.11098168438
132537.23124415264
96506.78359591948
85679.11485304142
72951.30275646537
57718.15870899584
167569.67511074347
84242.73615959637
77462.76383611886
42279.79432846719
51555.878443623005
45143.7398440013
43661.10962597193
105167.67265456602
43437.019134711
90631.53190240539
100477.05227996391
44193.662089432066
37415.11677672828
67940.30537224788
76070.4517861725
76743.65116612328
73960.0682881361
90093.87153373034
74010.4292695747
87226.27361955708
32607.03416618867
57210.22320728555
79732.95120071816
51337.18655733768
41975.046834214416
70463.5251613727
36966.79319596172
64730.376530119756
127729.33804924188
90874.9810172934
51409.47805047505
112433.55725309401
118842.40320546395
42469.599509515836
62589.45159596062
47909.802070200254
77324.19674229217
88449.38914228951
91059.0681773862
134847.92301917225
43351.8840057449
67846.56613386807
58584.9885272597
78727.28044245306
45410.881883341935
45849.52924483733
85332.98024518596
40209.842013261
56279.74036636377
77607.0487759895
210429.584629065
46774.50355567073
76044.85557182712
60476.45961320213
71602.03029448118
60041.18107158426
108362.4445257574
82901.49957639222
56515.18648904784
61852.846091973646
48348.873518020664
51660.29790321535
52717.82922651509
49212.40675757786
55940.034538985834
59598.847294458916
64674.65779368149
41911.98567575537
45582.28011317354
48764.40029604824
46412.72483775581
74277.59618202693
71750.23185782609
49931.445994740534
44458.3428404081
89365.6767549323
42214.264207872264
71361.06518221281
88318.58317004328
55589.29048202003
103605.54380470932
100674.46396241554
77650.95858923183
73605.08561745196
35345.84369021996
42359.84959821054
36803.35243180098
42630.45447088113
34538.777693498916
64197.07339355482
51494.25910634232
63111.97700427887
82526.2960153419
38696.93919493866
53518.5447207944
37671.16172097475
47736.86366458502
48008.22255412903
42960.516078225584
64259.51663756178
66069.3305033044
52432.33095360765
49528.76356415744
35848.0264145702
63834.15014814283
52031.54217435356
52247.86826826274
21787.472294105337
46097.43632442345
47912.326200364274
53082.55592738229
58014.07413180844
51256.089624619046
33848.404421516665
31345.22611775979
51946.65408885851
46726.41257827515
30945.09981826297
17806.80932932657
64258.9513716047
28577.387087879244
53188.960739842354
32265.212104657232
31911.51083883136
39836.850712581014
43282.712046010914
72636.47333292167
49361.016342194256
45722.88038529494
40359.86099283919
23885.298919771594
41712.21109280783
55708.09437515394
73232.42006068575
37917.88991466734
66741.93198618763
90569.92114819784
68630.9733597892
74894.0960767738
68289.4155427604
42868.09769581659
48688.24157613222
65047.69920157224
40076.435347765066
79104.50078604858
48004.297001241146
84909.02500752536
53466.76264779516
52226.15747050406
71418.20890219696
44635.22262370246
60487.34958418684
99649.33949051607
43397.40396800604
126207.2289114248
61795.63675205456
96993.9060278873
85624.12310916427
77434.45532439637
47931.84994676325
32337.484932271014
46561.26932164461
103391.14839988349
47029.67592151621
54313.95360947947
63793.734384251424
100412.32768366237
158697.41496821409
162176.99080480612
92279.38699151792
45182.13515517245
55449.752631407726
74824.17348867789
51619.218127735636
62842.86638635976
66499.4407357007
93172.87864822875
105870.94214974742
81016.67279052603
35467.68400810151
91863.04163206925
44452.895263565646
63968.79675644916
45665.114599495624
35126.27156480871
57632.18463285086
20545.364871869093
60750.26567836922
49680.1529650169
80451.95509024448
79076.46449548774
49102.03740783705
47471.95907283126
41123.87328265331
86114.69403815169
82943.52232094231
40091.65306966506
53176.818604269734
41039.151730654296
73875.34811692504
68019.4650815533
108576.21421726297
67574.18004140291
48303.51900993621
65353.41569700057
55663.02413634083
101521.10971776773
116538.21590124413
59973.81182009814
58545.01290302557
63834.32717686846
91932.16721265628
66167.97383009928
59926.93708458556
67391.63351962293
57753.83316916076
47407.963066383585
58259.47672143608
103528.99080239712
70864.88656302806
66568.24765892081
75043.86075894994
102267.32781830877
79268.16416650718
79600.10677090652
95405.0290220543
51178.14730202912
57966.95584585354
82645.10999221691
87327.20230068883
76689.51382523532
43444.4419193999
74030.68898110249
63430.952308297055
39901.012803664555
43952.7391569148
79402.83249394498
41399.86104405262
35517.82878113046
71129.17553938253
63778.80278518741
45790.36736796777
106870.89346924776
95262.98626701406
104001.27068130679
68312.27308148838
77224.97166041227
55606.272665839046
93440.63961580157
47410.94966200652
62155.25900436672
70129.50239877091
65350.704488929216
